"pc1","pc2","pc3","pc4"
0.588489828349542,0.883499015468046,-1.06413335287025,-0.410065964334535
0.427238892737965,-0.247336442551349,0.0739056539478636,0.0324214346318158
-0.225424042641252,-0.964617291866989,-0.21587757923198,-0.324053697848039
0.729615944969633,-0.571827782497743,-0.603697255459168,-0.0440228056100946
1.64002072273441,0.605755611872475,-0.194687592724771,0.308614664566875
3.7237644750359,0.163738145705572,-0.372152759643724,0.986040616240985
1.18561957796611,-0.388735578516221,0.973107986413971,-0.283721354192683
2.63360466527485,-0.544803805076909,0.420045948354751,1.00089668810969
0.139651697948342,0.525299600681799,-0.253027598784844,0.646527405902027
-2.8008896609698,-0.712620079934266,-0.177956706679594,1.11060000488887
-0.106860991824432,1.32614784126368,-0.151986929200257,0.226938726838574
0.154372757740201,-0.404946757631207,0.0216372219420017,-0.251998736267384
2.09498050059584,-0.768769701634743,1.68155787340458,-0.13163560850297
3.68575120328659,-1.15777322540303,0.919536241671009,-0.250968377252764
3.56117551958989,-1.13316496027376,1.01436691354936,-0.264641800133621
2.28283268449396,-1.7679992588006,0.37540605737164,0.706730322454886
1.97225511555342,-1.69111220372556,0.381344319170852,0.683115979120005
2.11313817108466,-1.45330203756676,0.191742201775959,0.737619836488809
1.67399106392132,-1.73046996307925,0.239221437339437,0.802763163047615
-0.126419786078044,-2.1142215015078,0.427314835430481,0.450463234870843
-0.103646621920088,-1.79279577249754,0.52830339418741,0.286803629135155
-0.24796145399059,-1.88573075384004,0.571673559381367,0.46789320078076
-1.38773529573187,-2.61380512498896,-0.6661090227756,0.868363034877881
-1.36118616057434,-2.66672252702495,-0.782265214198951,0.878400255052218
-1.5238915756802,-2.64275937388174,-0.767332277928699,0.835923988749956
-1.34807045925141,-2.66125240599127,-0.757682117411373,0.828871187373828
-1.39173493926706,-2.63788614297217,-0.744778412125991,0.833950312094733
-1.45859451707454,-2.63611435738656,-0.775664514304946,0.876769933832064
2.38675142879814,-1.9044505058862,1.0399567595746,0.886233359015505
1.91931058964928,-1.63123717261908,0.826808705063045,0.711378943293925
1.00939092819425,-1.15091539950317,1.80374158828751,1.08901439099495
1.07066968131296,-1.25648417871687,1.70494996933162,1.03235533455923
1.45778181575193,-1.14715714055766,1.73261468633195,1.05950617303721
0.819989477518702,-1.25842565264708,1.32274883150601,0.924926981982342
1.96222963537639,-1.11896459171618,1.29835362603177,0.85082264517522
1.19302529110064,-1.4625302478902,0.782326222094274,0.377153835263949
0.666476006442988,-1.116864648306,2.19645597313209,0.268625478422731
0.558921327527016,-1.62039164850625,2.04108522038186,-0.329916851936928
1.09445726916627,-1.48265250427662,1.65710649533451,0.0266487533619127
-0.466949943688544,-1.27845263961763,2.07227327110814,0.0624672471355698
-0.677282231321347,-1.69738887549221,2.51130584775305,0.159080759895152
1.44332136943141,-1.13318595474427,2.49944448510858,-0.242425853103336
0.193017615168949,-1.41828537305266,3.16644295381063,-0.0419543034947743
0.962986645675212,-1.15434028830213,1.74247503045999,-0.143207576262191
1.59849217396293,-1.4528579233097,1.8875495259479,-0.0278263632636533
0.320238232065948,-1.80067986652816,1.45407112623932,-0.515765483290507
-0.279480457316332,-1.7299829448534,-0.0971066210010894,0.402090952505872
-0.506507819637047,-1.03481991336696,1.01949027619243,-0.365903423125816
-0.621987927423613,-2.14774228648986,0.785912129660427,-0.480115352456453
-1.59606220139482,-0.786047826322541,0.737531509644495,0.139966722585838
1.0818576792744,-2.07967111369872,-0.771464717942935,-0.129653132414362
1.21613069146596,-1.77372097987686,0.606851993266768,-0.119477724358633
1.87151161908244,-1.48246587253542,0.790631354716929,0.154230804372472
0.261604480552872,-1.91291742284639,1.78558109096613,-0.251691874707416
-0.321917451629356,-2.11406862011254,0.51723025672917,0.0700991699274379
0.1723158430676,-1.54926683615948,0.678860736795182,0.121100834904898
-0.284466134807389,-2.0674238240994,1.05750200795673,0.280448852769014
1.66388262549008,-1.60434767342287,0.795197020142411,0.231412663262077
0.372409513196134,-1.43233176112176,0.642883233239023,0.289076673419296
-0.310900457929901,-1.86268289614368,1.33525320536905,-0.977997186063127
0.812242461055993,-2.02832032543752,0.883627245405423,0.622670359558652
1.03090556062445,-1.32631082214553,0.735425118251554,0.133366169214705
2.46800301057761,-1.39795587987391,0.579635382404533,-0.551172088794585
1.86440273282868,-1.45851499869057,1.18569536019806,-0.0282822391875764
-0.00170062396002391,-0.801487636583193,-0.0161967775781446,-0.337251444565422
0.773531144246324,-1.02814330239539,1.90982067566524,0.523860806064455
1.06668431378463,-0.512501391375995,0.464762049729463,0.528584478298084
-0.972831997002272,-1.8705118261127,0.690789493850225,-0.245769552378438
-0.879186064137739,-1.14768657043442,0.661748092257816,0.756978260591057
1.1907557067139,-1.90894223082497,1.91953309240717,-0.0281668472464967
0.436703095601358,-1.13414728074052,1.31948320658224,0.320579950983265
0.819451187064627,-1.00868723899632,0.500949903144034,0.126410245970764
-0.539936882006028,-1.55399274224445,1.13951778153601,0.00137207085825952
-0.275860516201277,-1.07646190243041,0.307665235108023,0.0406814803462927
0.180421645181632,-1.785042415076,0.903693065083428,-0.226875898754941
-0.563665312557595,-2.08707614122415,0.479862126317158,-0.0251125538730366
0.487361095927256,-1.8747712157856,1.78184748870934,0.283895223485016
1.90514589391209,-2.50151802530178,0.876860951268625,-0.257674878060622
-1.17926291876824,-0.918904533603155,1.40249121740471,0.0541717413735455
-0.111722296641496,-0.975043596115525,1.35303152120756,-0.490315620986977
-0.394927728839691,-1.70740215743505,1.87686492775543,-0.0815559583432505
-0.0383223766394513,-2.66447175791567,0.759571698527357,0.0936339613045876
0.696446018100768,-2.13369455882246,1.11585064224883,0.254822131245203
1.28199176436529,-2.28313782483644,1.28513295251583,0.473860269199532
1.73544047176225,-1.29549420617343,0.970764285221669,0.570705109294056
-0.0623134018301541,-1.87880631180266,1.71808586663264,-0.358735808543147
0.466522395561314,-1.8944396173632,1.6512671399808,0.640166381707541
-0.203526970501232,-1.49292193870212,1.09735827242095,-0.259658973666562
0.178071736234909,-2.62277340972103,1.35956857415732,-0.35603113169725
-0.461911229597196,-1.65332286392586,1.57989477348926,-0.326768558867455
0.630783374839316,-1.62875656596522,-0.293208230827921,0.302507037820088
0.461117317802202,-2.07283061373295,0.169222780420669,-0.0305093895038509
0.779758418015698,-1.70543453333869,0.731575501595005,0.0758644534457201
0.0904805084706152,-2.07874883791335,1.18696505310783,-0.566026262550273
-0.229243166889644,-2.09434023028617,0.383000951357567,0.0381582123816952
-1.7150555219379,-2.4887117328018,0.244834757440316,-0.356454501388461
-0.172415716628514,-1.58075389689578,0.803816222206542,0.145910821490894
1.61597572388711,-1.89853772777875,0.479124918361065,0.219337585225293
-1.11771477767738,-1.90949728303386,1.20543475790751,0.435793534490203
-0.444287206349247,-2.12944366261249,0.475980790503559,0.139513739266553
0.0447713060147004,-1.22969344611387,1.2410578611629,0.225501689690299
2.62773710341047,-1.35787570336675,1.32160157456337,0.0658109211294941
0.41689869395204,-1.8593968241101,0.515523560027333,-0.0336523167556077
-1.15738044258713,-1.79098267048395,1.24886647062228,0.944316659091126
0.244622891418485,-1.53240679729933,0.498496403584368,0.221897592898196
-2.58824538981939,-2.0248092525009,0.576953834581842,0.513358043583695
2.63077448086731,-1.3132719892213,1.02523661014574,0.0295880549546459
1.09136257334843,-0.751055337452511,1.67126827698745,-0.474689082403929
0.378759727338722,-1.8474717621287,0.271222528573737,1.01957703122332
-3.46146431350258,-0.759785754036189,1.47681544785127,0.0524756758609185
-0.915866192108297,-0.513546419175375,0.301597640800565,0.588737505908418
-0.102480136761257,-2.12894226225281,-0.123555678780228,0.239858784446064
-2.16970486321642,-1.22351870289515,0.115697039984272,-0.110033120328502
2.59802858409485,-0.802415413852875,0.343326122095872,-0.0509906086912043
3.98880183189688,-0.582819831256083,0.494766204275719,-0.773385285767141
3.41057339930871,-0.803601737200181,0.380449189821245,0.385193756804189
3.75927186397224,-0.975012840164089,0.494217744177221,-0.259107011035912
3.30815787085155,-0.494082119214285,0.576308901584938,-0.271312620651683
2.73614756466876,-0.214564960468463,0.520896382522917,0.167311568648498
2.97541111808481,-0.657700468322832,0.182688994985015,-0.376525071182043
3.23486596483145,-0.985956618101941,0.219650673957421,-0.0780507896795024
3.38819759355545,-0.526222036345666,0.203087173299942,-0.552225762719697
3.11010284479355,-0.925987721475918,-0.0679659820097633,-0.301577012766277
3.45118943574328,-0.959730505327135,0.404482143257307,-0.0682039374234542
3.34074577332378,-0.991737853931691,0.452471803006751,-0.00250774787224088
2.53105223072352,-0.590695642022795,0.0878333088382215,-0.321875627559677
2.42486530139701,-0.244417832726563,0.327854268248994,-0.238331130525289
1.63364220012516,-0.81473594479505,-0.0788798346429323,-0.135221973831783
-1.7478912440631,-1.36860231875056,0.594873631545235,-0.0840585386802829
-0.36256723434115,0.834967491132237,1.86295275658747,-0.171408636822603
-0.584902389172308,0.19906866024435,0.542016028213288,-0.460841208834114
-1.43127384795529,1.29626175691435,1.63167900922384,-0.397351887262109
-0.65259064136438,2.37418650894541,0.532013819647089,0.98263081783064
-0.542615499085657,2.25512422914681,0.253646327643457,0.971294324866835
-0.71918284754592,2.33423277281165,0.244469811029989,1.01416401487265
-0.184057017017697,2.23846202845809,0.514332103015507,0.832548548542444
-1.00839040679413,2.33857992568456,0.526761629121039,0.818400068962974
-0.721113644074002,1.06782461575575,-0.627687616640107,0.161042698469336
-0.532809394217692,1.21734375730201,-0.734283506915682,0.139014544987134
-0.715476313676698,1.08337870404103,-0.636016548058166,-0.00305510528628805
-1.0242831911378,1.05096061640689,-0.812246366054685,0.13860913330487
-1.65581429370179,1.38103482030009,-0.623072014008304,0.343998442125248
-1.81848937991842,1.65465053766883,-0.098227713323442,0.889140926396947
0.623483515119341,1.63117878037126,0.386171095610502,0.767527636711121
-1.54397624971567,1.29543965053498,0.153687954944037,0.623934162168893
-1.25383552490006,1.48111091805627,0.950844568444726,0.98825787938674
-1.19978609419014,1.53828203856827,0.344267600070233,0.971940637437532
-2.08466429991199,0.908275737553978,0.444186157459426,0.764229056617184
-2.28387072607577,1.94968796636987,-0.102515813494977,0.586038044168873
-1.73587056326885,1.180135487319,-0.133363710874833,0.186842347493136
-2.20597592077814,1.65959468379825,0.290504798493132,0.96692597307915
-1.58147804096311,2.04782651125629,0.135262230264817,1.09851716852196
-1.98145508340627,1.43075541585276,-0.224540327278412,1.14549608439837
-1.02480260352586,1.7279285048048,-0.132178236713174,0.721235822673019
-1.37230807759977,1.52703398951875,-0.0171536288370835,1.0855096362169
-1.69189437143689,1.24798507406813,0.295734182995366,1.02027880512999
-1.05031430609578,1.52102270813661,0.569144179231614,1.14474493092803
-0.7100921498266,1.58153824415665,0.128936618898756,1.02387648250507
-1.23083281526946,1.23387595008798,0.662753638772285,0.695006917088207
-1.93159279027994,1.74760028232688,-0.360376256237321,0.545244340261588
0.513942219349793,0.103188343032584,1.85424281378313,0.872453514740464
-0.0144681202134562,-0.281814626387056,2.02245286618054,0.293579298015308
0.0733837633674169,1.02931843015704,1.72874299858683,0.442645321252746
-0.330111242904178,0.0460879706582942,1.80150127096969,0.193592678739423
0.257557028654908,0.240337379833476,0.806347285167486,0.845301277934693
-1.61038603615582,0.657923763522391,-0.0570075837359258,-0.116295014876474
1.41050895231627,1.27748428352791,-0.960785413628497,-0.781353127504176
1.1820700405799,1.29583960360718,-1.07927108769789,-0.89834603316277
0.240146239435618,1.04413405745271,-0.829180126734204,-0.325020880494492
2.27378494523552,0.659351341937222,-0.800310597825439,0.415708596962896
2.27668999996328,0.641941191222447,-0.813772877663243,0.374037237756797
2.20500047480624,0.735304118814453,-0.853878496694425,0.446192605277524
2.12592881421412,1.31882874774647,-0.701298136018082,-0.586980639014036
-0.715021803115799,1.64184953611223,0.365724917649637,-0.253441558759118
-0.761422669861307,1.52721393431681,0.758581205086153,-0.705928166806596
0.759582820880729,0.650917325123441,-0.614500950379677,-0.0331983043379388
0.668312018167367,0.974991744142951,0.0303833486197736,0.111532926502933
-2.01603474903477,0.935253372840506,-0.618561293119243,0.251773362970676
-2.582979683981,0.647041454339599,-0.0860629174985084,0.183655677303563
0.312463005705699,1.52807879622361,0.504099728053582,0.492606833931433
0.715116679494366,0.935258470631591,-0.533309029238173,0.147027786207959
1.7041812481333,0.334069055362648,-0.00209175193236671,0.912492560738844
-1.37835084529321,0.906925265399772,1.410912740414,0.109068204825308
2.36741738234035,0.581930198994842,2.20890205187863,0.0398138342804931
2.31386586222165,0.525515479584052,2.12811864327141,-0.00737285317922202
0.682864620946478,-0.0651235410928037,1.82314466448621,0.511948442111393
-0.0174581247375901,0.620957083441899,0.416290791737101,0.295543469864487
-0.0473828191031156,0.747267096919649,0.620000787965594,0.636147499812327
-0.331005779103213,1.1206465841382,0.840289903161551,0.657216110836772
-0.592059822561221,0.572797630045808,0.292639887234013,0.284783313753231
0.740794094357657,0.638706570278344,0.708016150961146,0.209959637511757
0.963352284757553,0.746966369849658,0.484268942130818,0.661573619703958
0.276819783057717,0.872594153456271,1.14572123791369,0.487430742751829
0.730069260467392,0.659306333549046,-0.076839468003247,0.628381016140272
0.372812374653789,0.774572667567728,0.922207834049108,0.828966536454312
1.09377937554316,0.60009414573348,1.27223394532934,0.947851312216168
0.74038224875154,0.128606068835876,0.929111269238003,0.755997233684792
0.794986056459133,0.931779145370768,0.0882837446574649,0.0197274091782113
0.77135391867136,1.20607055294379,0.661253620016438,0.971001484244037
-0.60922218360141,1.60977296559748,0.422749648003705,0.727487276216892
-0.593272973275293,1.32865625677585,0.259295227877081,0.648318099573718
-1.47573465576143,1.62883790613752,0.406127183718195,0.68822035441387
0.157798681172025,0.903271567623952,1.92979505665137,0.102981397407111
0.689406212326393,1.44612772195529,2.53774133662604,0.247951861260593
0.428077232370614,1.17558978612532,1.90679027565163,0.0491695002029463
-0.626354024666397,0.799980452807635,1.5672230720396,0.215287772485648
-0.440613760854071,0.483601426612122,1.18541908744836,0.420318066033599
-1.3148853934048,0.810922743289378,1.51933498488231,0.206442751759027
-0.596987636275536,1.02082165441095,2.2129552439177,0.405801391385546
0.220661449169111,0.542569514902926,2.2650233914381,0.419786000609533
-1.51845357375453,0.962272866396068,1.0116403171531,0.279631897475777
0.127832805684356,0.933736685586805,1.70833800728777,1.00463262125448
1.59586565370592,1.69283658683088,1.23881503396639,0.0879310488323669
1.50918429191699,1.70393268247881,1.22144523072793,0.0129612342685635
-0.860182451118603,0.161663452809147,1.59288501941503,-0.158152152688768
-2.93135534823772,0.267939356798523,1.25308280843566,-0.405860000289129
-2.6530061636277,0.320022903178001,0.140580299539232,0.334095850924204
-1.65145723975849,0.981893834792037,1.27448698105948,0.901402163302733
-3.54245212730622,-0.258722968149889,2.07138699312545,0.593260415581297
-2.04594882032462,0.0227022827070111,1.82444751175161,-0.400929162022521
-3.81504848914018,-0.285198351980503,1.53187258820386,0.316130179162194
-3.92807960611555,0.611832952923456,1.40471103037904,0.000154599917359444
0.033433698227737,0.66789961414233,0.883527377225456,-0.340380496218327
-2.86964045317801,-0.649567979641568,1.46410829478455,0.612897985534127
-1.37779139175763,0.356761911466747,1.88760171411695,0.679593280267961
-1.42961388559044,0.584592004946812,1.26398464212933,-0.0955859076453834
-0.164486059810911,0.747821529692393,1.03325876597576,-0.296947842345154
-2.81315160025509,0.260072233672593,1.33341611005521,0.244001063209827
-2.5369531392631,0.607598995183188,2.2640951347374,0.462470821533727
-1.38797529051749,0.168294677194062,0.303698904745005,0.389528137653069
-1.96130464484607,0.140176240896929,1.93938483233266,0.31790475786011
-2.29704948287693,0.1536244638492,1.38421909215904,0.388554507552805
-3.50047852592392,0.408805816543803,2.54554298953183,-0.0362813297087996
-1.64102609709355,0.0618452603244566,1.63693874442213,0.476341344240512
-3.52786802321701,0.268296699358792,0.45238097450705,0.301112060183027
-3.68583127008947,0.60281103657085,2.08572882603902,-0.380519459278873
-2.81357371493611,0.848624509075826,1.28163930576336,0.186347243792554
-1.95984491870737,0.272153226183174,0.808060839150526,-0.324812541026051
-2.1707810088754,0.284836755873421,1.51601915362357,-0.236314067997001
-2.46136581274511,0.74000642871337,2.23213766556924,-0.616871206066152
-3.43644701975977,0.32073915432052,2.27618602431433,0.0556855597997813
-0.428390146061712,0.769826062639764,1.06418691140185,0.0365598795908223
-2.09460930401968,0.290342703762413,1.03860083621952,0.290655704032302
-1.99089012245862,0.194794285875306,0.752268284070864,0.508968783974578
-2.77118073796777,-0.154212016389816,1.73452625814392,0.674442713594227
-1.13522329932105,-0.105779914231471,1.18090829569648,0.424592455985495
-1.02364679690904,-0.0521286013032565,1.47601642922999,0.254259727896484
0.0505958550399492,-0.518904993301261,-1.62549256947972,0.682028711502194
-0.0148374081346052,-0.533299343710612,-1.57349804967677,0.721607243752915
-1.36203567600961,-0.691022185130515,-0.487144189030328,0.541284172143211
-1.96115506373131,-0.981750891258919,0.11936100647162,0.831273251076066
-1.30386598427934,-0.674756060044496,-0.255649917847596,0.538875162815097
-1.44918089207108,-0.341979929641449,0.813096061763489,-0.0101425550967773
-0.797525960652707,0.740863442737796,1.82835075714964,-1.05109873822151
-3.1023346978792,1.97356593374536,0.723372221473891,-1.16051113655845
0.879368371678252,0.474969010296942,1.90463782839035,-1.36226212903742
-1.15352696335391,1.36106141710568,1.38600353921115,-0.604153473163071
-1.32226420379576,1.78590185720981,0.873629085140096,-0.703056836875876
1.38516200021745,1.09333685813825,0.79204598791105,-0.396225339717522
2.31055162677604,0.980150309088841,1.11013444966591,-0.640013960232582
0.304267021384787,1.19558386536329,0.986910599858159,-0.485029503122726
0.70838686746123,-0.00841981006023196,0.80603452462781,-1.07692020764033
-0.345586031963027,1.00052352930457,0.587817751588314,-0.723375542333706
1.05181125637624,0.0827401628437892,1.0986813815292,-0.28324710075778
3.0853161903924,0.491779003905643,1.2259904160577,-0.800672776398448
-0.389259625763143,1.26545465703689,0.432042932947153,-1.30920991499644
0.845561899098475,1.36961351708535,0.918687126168794,-1.21075918490021
-0.133675989672873,0.300880739508128,1.4553017559116,-0.335053060286588
-1.02432721480266,1.36083414131679,0.946411635224944,-1.10597408987023
1.13359168481284,0.782290932416137,-0.916476272389689,-0.787614551778429
-0.674536186495312,1.19651013011887,0.212043224302648,-0.918029638471633
0.802115074830377,1.24945875983015,0.577679142568122,-1.00117511718081
1.17541373192407,0.686610407790516,0.961217172610635,-0.600962405690502
0.808412972385109,1.82455907679941,0.571153701937585,-0.685273522003925
-0.150618658425733,0.954226966748008,0.33848668241382,-0.923072308354495
0.741279013745442,1.15197811737753,0.556187237150253,-0.875966807996112
-1.20640414595146,1.34372309948414,0.808738926260566,-0.290448753696084
1.48917297228691,1.94412583537813,0.0521098684391745,-0.414562416276349
0.473938166460669,0.603698364344429,1.09058114789206,0.225338208494348
1.17936374234828,-0.213913701640216,-0.460389541280946,-0.497799835614528
-1.43318314028879,0.391427281616419,0.646475356403658,-0.454134967879987
2.46401783006741,-0.244539506770568,-1.59870756217201,-1.22565302450166
-0.242357474110184,0.388424263571958,-1.2033024593278,-0.810484465079187
-0.402502012853852,-1.25243761224396,0.672413668303125,-1.27820483358295
-0.563014125078561,0.459369587748024,0.344987266830463,0.0406676867640112
0.0950820439128195,-1.48695392299361,0.517230645663998,-0.514876717139493
1.27938353949076,-0.423929059117222,1.77402466757801,-0.480617091217578
-0.555272501396388,-0.725174167798504,1.58911308942056,0.613791797681062
-0.71265958797658,-0.80468950488109,1.48055693656631,0.499880262038172
0.220154267587637,-0.487662921193566,2.00880039668891,-1.37674863181208
0.2904979676475,-0.471925975361012,1.85479118937185,-1.42035692778123
1.70530369411848,-0.0741199271894675,1.79073656307156,-1.09546471704751
1.41953200850278,-0.135925574451491,1.80636628059009,-1.05544521402582
0.587153796376995,-1.16957334833285,2.97496175137281,-0.144029511231229
0.203155932157438,-0.437150474700378,1.9364826524,-0.420106212166619
1.2744835609149,-0.659227165849514,1.68780719931059,-1.10697322671036
0.0949485986975665,-0.502474749603738,1.89938420236322,-0.359600777197648
-0.253706708937984,-0.890965620212172,-1.04857975729251,-0.0219892398312973
1.90922636137549,-1.46300372116418,-0.800417557565187,-0.466487681132413
0.476978794156355,-1.82036469831651,0.773754176903679,-0.93923826530474
1.37988945316976,-1.72464169210131,-0.622189139074042,-0.443923049855082
1.16584715970147,-0.665459164573025,-0.208079633694809,-0.598462485051276
0.805011737911419,-2.12315855417622,-0.545369521703968,-0.567940062500009
2.18699964572826,-2.38805602721481,-0.571011912384613,-0.641794601379059
1.03406973401642,-1.10729260176552,0.215151722484045,-0.767014106186314
4.88531185593993,-1.21493508627041,1.05696029740108,0.462409211885219
-1.48827198679979,0.249875029849221,-0.325953619922904,0.0443751036476551
2.82441251235749,-0.568703148227983,0.898224210227371,-0.972100532356851
1.86133285712869,-0.832460420907123,0.713517139169715,0.444936567873821
2.99790525175973,-0.0220033419193736,-0.396568634519453,-0.352845472522336
-0.59988814788014,-0.617279963850362,0.740099181044255,-0.367584573121672
1.37679168109325,-1.08871547915961,1.23871782962275,0.693631400601864
0.786885495807711,-1.24906156010749,0.733249979143301,-0.411584321572551
-0.687607440544649,0.512410255733168,0.321199718919656,-0.225042752646091
1.43286931429029,-0.426674011016549,0.865144886238275,-0.870967961923611
0.0441317936096932,0.0215467684413319,0.600026218528021,-1.16530460018757
-0.457928513360808,-0.402847556606635,-0.0498398763780282,0.0902081515423012
1.24429133898988,-0.906103422802742,0.975704315109299,-0.534070742921039
1.63589278511896,-0.87851667621246,0.42022216408107,-0.375814939579685
2.55136370770155,-0.905707802172646,0.260479970962174,0.0528143255473909
0.689701614602197,-1.48753424730762,1.49695623336171,-0.778713961052757
1.99607101200238,-0.982783958228633,0.248242163833738,-0.0469807532530103
2.65934747250996,-0.58653354029381,0.409527147686073,-0.298144325448341
2.03718569951795,0.325579615684123,0.581867081895191,-0.820406783610949
1.55403141873396,-0.589702625438961,0.65724079782967,0.201896505287183
-0.689206025820638,-1.03543468913379,1.36630400121205,-0.194647071465296
2.26961752597095,-0.417364177673528,-0.0032706827244553,-0.0573402029883431
1.95825026425939,-0.612559805834505,-0.852618255277483,-0.145256953902395
1.28238333580945,-1.16419007322294,0.36885603304206,-0.177249364371511
1.57932693065897,-2.13503755519261,0.918675954795342,-0.064950829807255
0.672326427833865,-0.803778718549089,0.42288111830415,-0.634413056964962
2.7849718948635,-0.0837849683067845,0.885108625992589,-0.209676752384912
1.64609733715385,-0.753251463101957,0.692215148151285,-0.655647900420178
1.38235456499228,-0.124182488182309,-0.805544529446723,-0.707117507614044
4.4336587495838,-1.26737784823579,-0.956854926736265,0.369839775692981
0.912454020828388,0.464732394707376,2.00859586920756,-0.300311659001189
2.34627231673856,-0.923623322800109,-0.456275573922613,-0.00313449637606711
0.832157018836078,0.311365266457378,-0.29630519306802,-0.927498755478585
1.25201390832075,-1.01785258677344,0.13421424423516,-0.204044515057784
2.05274932235244,-0.405607322194714,0.348950222797955,0.220961717824535
0.289936544407665,-0.744278856230372,1.52264364298199,0.380398611223275
-1.25563471289934,-0.236748365225115,0.0804680116102272,-0.257023452182169
-2.24774527896549,0.0390591362007747,0.434038514526246,-0.498376646421048
1.03901418438671,-0.0814770708630307,0.0398121813068402,0.0384685715080366
0.413654549145422,0.0905900068697278,-0.212866096096975,0.0740103990257143
-0.537376856477426,-0.330229886284864,0.373092851267149,1.06708712410114
-0.882245853521476,-0.937080935065847,-0.565229999183419,-0.504028731641831
-0.0349579401778903,0.369856443594573,0.921836951674746,1.2879204393791
0.37364772338702,0.187285037370555,1.28168801739706,0.868969747237927
0.573786459159337,-0.283926504890871,0.571769423783902,0.990602066090812
0.872116603355917,-0.131765726876021,0.021277559037886,-0.168301662757563
1.03503708981607,0.0287829051182655,0.427125328133837,-0.0301918387370231
0.0415833072198806,-0.89522868736589,-0.462477359291779,0.284950598389449
-0.248828063063878,0.763327943604677,0.387146938889909,0.364005254334397
-0.474687941713955,0.453762848248968,0.56504182538026,-0.439207520743412
-1.06490254289854,-0.252930379687026,0.545217950410379,0.483361360779312
3.32914877409817,-0.691999768005722,0.729377280171455,0.4170585874931
2.48335143869138,-0.566975505162656,1.20843980272556,0.528811463090429
0.443163964771806,0.512276811649061,-0.987055438274887,0.494922225638688
0.661930020640194,0.598079242025817,1.23987254614511,0.193544358948609
2.91147760581289,0.0473808051362549,0.742914708685765,-0.394549470295976
0.745019010856385,-0.0755863248946171,-0.720420153574529,0.231488506670346
1.16740693920257,1.14720843246219,1.20592491433515,0.43463930427081
1.60841102596626,0.678812103337233,1.12546242773717,0.480986099104137
2.95552504107378,0.0934949234808062,0.467882198257844,0.453203536841347
1.02971675058508,-0.031478743099681,1.48637500906861,0.806955683071506
1.92768789272679,-0.862276916344052,0.832078580396358,0.456103070556272
1.84254944238235,0.450232349147807,1.5277870132878,-0.5853709988118
0.0876384749876604,1.06178732067979,0.488184641115105,-0.191492118295406
0.342670623185757,-0.596448513705573,0.411760081841864,0.686309033804767
1.67523966703129,0.415021027469879,0.312584883218931,0.0997899665985663
0.326079606648825,-0.968285258974613,1.2020106509588,0.257098861675641
1.03591719719524,-1.03019204759264,1.21881498112596,-0.169101458735882
1.48609505362214,-1.75871441243847,0.0184259740986317,0.966530158692885
-0.706515251172722,0.271656243586703,1.29164024852038,0.475967968287833
-0.864111777044745,0.503124209731632,1.18502341773859,0.715959900949164
-1.43416975571087,-0.371563092521139,0.363820259533714,0.992025723919716
3.11874682236721,-0.350073685996037,1.06511542101556,0.902822112330845
1.90074204163747,0.346180986301975,0.858835215422009,0.246163662629924
1.77420988953883,-0.54475876862442,1.66075726052524,0.28022032165409
1.48833640067761,-0.0354252452854813,2.22540944431805,-0.413228330890927
0.0894299230024288,0.18387039389272,-0.634507407803036,-0.758835795771754
2.75646232930898,0.723245349431577,1.77424329800879,-0.891536049332735
2.07822424278885,0.449559310660234,1.21234057973346,-0.72495698954855
-1.40241048038121,0.141040153933987,0.711114047164313,0.0339123418812628
-1.10589413795393,0.335921809350493,0.697965859785925,-0.0326224039704561
1.72901032009105,0.330400767829567,1.04283886219088,0.359725760973913
-1.12999408636008,0.864978197600976,0.0969222915561895,0.254308037294467
-1.06939844764426,-0.570303558444799,-0.238125399807446,-0.634255827448839
0.20622268478577,-0.175146846214664,1.09103573467715,-0.440270195307453
1.73045525885149,0.954798805473377,1.11825282383084,-0.683140540769331
2.00425600039154,1.17465752787446,0.895012116196065,-0.588616561724216
1.03981038015537,0.584642989409286,0.978413510665505,0.34283513443027
1.30777234030921,0.433949571022602,0.980991171047359,0.274335966207559
1.72346278921091,0.959473926555407,1.1850207323171,0.106205206605425
1.57393251591305,0.749571002672967,0.988622235239379,0.397778984452332
1.79407402247781,1.34300017663442,1.2724960060654,0.375141826933152
0.986454365583852,0.765851273354794,1.33048863539575,0.318999631889428
1.56523189638659,0.703567767205743,0.522774664512166,0.487642035135713
1.16265102440278,0.280343833984946,1.32280373420595,-0.395108074306029
-1.16111986654791,0.754285805177289,-1.51089497038419,0.143665223020272
-1.27025460529054,0.734931703664166,-1.54374334222868,0.149637427213922
0.976414193583163,-0.788063713052131,-1.02840809115382,-0.0452334400235428
1.4941279187276,-0.357397789167896,-0.331513742426005,0.0591389804941096
2.23662887804169,-0.555920173552576,-0.294415365682369,0.108952829711303
2.27487926004576,-0.84779486355593,-0.475733753138977,0.141725661963834
0.435494353413812,0.217242245805588,-1.40650591140522,0.24401425501786
0.199614130966047,0.0554123708264423,-1.19557566672462,0.313568589594358
2.51310203730177,-0.0520242809136413,-0.109785680736905,0.112448705795116
2.33358709176132,-0.00705646604372388,-0.225367370418022,-0.0330391793849662
2.58832241618237,-0.0857136126308713,-0.402078620491163,-0.0345864965538342
2.39364298056279,-0.129685289849062,-0.321929891412213,-0.0714308381842329
2.31124284767353,-0.0607539018577725,-0.177682727680338,-0.145239815074468
1.9784922665147,-0.395210258232752,0.338422940919135,-0.14265849640063
1.34827406150048,-1.50468918253871,0.43175256605553,-0.125839369169711
-0.0196964885985968,-1.33392839984553,1.77799457427864,-0.183888843057754
-0.121693624033651,-1.11596381214649,1.04880807168834,-0.58506768874885
-0.571530809694574,-0.543055590643807,1.93728137918992,0.0817163565175543
1.14741657276912,-0.984458554873217,1.01252055980854,-0.117197315181191
-0.0458201810500773,-0.265097549727245,1.14601559494301,-0.424427949386605
-1.32462962164413,-0.647003209991372,0.328314826977343,-0.195493037108792
-0.7214334246316,-0.717392872292253,0.645161653640605,-0.125476935080334
2.02316738856314,-0.300755517677968,1.62505539832094,-0.367118632509251
-0.673307259756631,-0.418388039676592,1.09780705618705,-0.563485697815061
-0.795383006620168,-0.464149854277926,1.45161932068221,-0.138655408413079
-0.892896933592455,-0.880414290790766,0.84442887303703,-0.0966221491704725
-0.396433532072465,-1.03872927655277,0.639393554590283,-0.358465036400556
-0.608435736682467,-0.0240509949321707,1.43130717864857,-0.0619852649551996
0.493564105960854,-1.67094476203519,2.52455432972498,0.249039001578058
0.451045204915254,-1.16619967463656,1.46979694187819,0.0155397287106008
1.02165345014357,-0.625833070365199,0.507328128197933,0.383550761427672
0.205878145938557,-0.805372175241216,1.42906582761421,-0.41054789811695
0.641469095243294,-0.448581282258089,0.954879714122641,0.487235355931521
0.473755950612387,-0.4142954834692,0.993914710291391,-0.210690774047608
-1.82487201294949,-0.723378746772717,1.14096377440572,-0.0367906987644111
-0.0827073446492462,-0.947895889132235,0.937430646441375,0.302349287195925
-0.0696333048493492,-0.899422935019037,1.51274505793377,-0.00722373980119705
1.31389914545764,-1.80982588271274,1.28435882289375,0.0259008316917645
-0.736773234808578,-0.186267509494596,1.34931094735868,-0.117597741062689
-0.00843567596836228,-0.65937964528934,0.931862655113896,-0.289830127761604
-0.832694546082753,-0.876396839591476,1.43536484778413,-0.0599266441945467
-0.90835085529482,-1.06257379469123,0.78666175104616,0.196095718765733
-0.751667156793314,-0.832370257789713,1.32334670979461,0.111143975288378
-1.36814666471508,-0.588667355551698,1.55805673016387,-0.315735094491266
-0.297831415398339,-0.376210488449107,1.0717095637397,-0.252166342596037
-0.541858858291563,-1.02550508481045,1.26098030070018,-0.264853119147549
0.135212705596997,-1.13171809980348,1.80476919697621,-0.343933931665141
0.152044287297772,-0.488735477006457,1.52077079199366,0.201866783235098
0.320327911998028,0.503436421642946,-0.620492846128311,1.59701074868122
-0.593236923594809,-0.184460512256793,-0.327541681840693,-1.22629474836291
-0.920409347347421,-0.154192885400936,1.48546813794434,0.603822001810206
0.782625822381128,-0.178477019258634,1.06639606586441,0.286638751073297
-1.54675543613591,1.63469477142776,1.69419455271967,1.02270180406271
-0.136823094968476,-0.731092913895547,2.88485313118149,-0.434840788582018
-0.402274168317439,1.68437665859078,0.457338781640512,-0.347933581692578
1.29615346933669,-0.184337535769396,1.11896608797526,0.333174378103479
0.0109940741091585,1.01359702721599,0.573822119118958,0.173280568135785
-0.711796669502789,0.452375985862231,0.116766070913082,-0.115606212202713
-0.392225012862529,0.213856056851103,1.61086233761325,0.06444218385326
0.642344984234389,0.585585798221733,0.538206866858231,-0.349454165369441
-0.0601121176918789,0.437460177794831,1.62056932500204,0.0649520375349697
0.665131252735807,-0.188334680679814,1.79586571753016,0.917574438359188
0.784540089418931,0.824796593546045,0.789587656207494,0.171312467147628
2.59691736536099,-1.20819975662261,0.44134693881835,0.341513736082796
-2.1809279833439,-0.25044542564725,0.76775762768452,0.0314958365517554
1.08641109097632,-0.00566418929000401,1.3024372607598,-0.446596181129641
0.839211320466,1.01617494488526,2.02367996586975,-0.148216137638501
0.524850492291865,0.222335008343055,0.0452686898112336,-1.11731485009874
-1.68654583346051,1.32387148456792,1.64436292292266,-0.0054351706249167
2.85311420454668,0.99743530006242,0.593565592529297,0.427197191903801
1.30822883841222,-0.837565624077106,1.07932887422526,-0.801999495031754
-0.93977400600794,0.570242185482161,2.08508785137819,-0.351200634556666
0.254562528219139,0.166913829562704,-0.0805089554393297,-0.412248587974125
2.38565861731935,0.501418956147195,1.08860646668306,-0.143784249630715
-1.15328737288259,1.06360148872824,2.47433130795722,0.551522768937087
-0.363273160025811,0.505927054111203,0.564147017616383,-0.112753973887118
-0.997722467689083,-0.228997579796136,0.363579510362606,-0.0847887253904413
-0.461600161587377,0.451178629095889,1.45336459255513,0.381775572481737
0.19364505735482,-1.48067606013096,0.917609422352225,-0.523461924940353
1.20294068960115,1.54456110651384,0.786993830429981,0.861707956344107
3.09928420215805,-0.0367801503878826,0.129142531201687,-0.508197562779259
1.73771751731057,0.564885621263529,0.549636749478017,0.643825558210355
2.35091321682264,1.4204509055896,1.3977358251112,0.495944230160732
-0.797564985835259,0.149598865610625,-0.094543546935772,0.782085462925049
-0.944770605639441,0.936118010605143,2.3407819916669,-0.464221979027203
-2.12421309467136,0.0586935469220084,0.913581966976847,-0.488552767455554
1.86658541935728,0.0554899389449472,0.987047442824559,0.15012552755936
0.586120004399476,0.126197978404221,1.45801260359892,-0.401532911477809
3.45062818400132,0.218249651193199,1.11395984211931,-0.0348597967006413
1.85661015693568,0.576496481120864,0.553816324167672,-0.0745039095596555
0.654491257938646,-0.426602946628033,-0.4981476210964,0.0754255325593151
-0.204619587037211,-0.110052216505132,0.678114935836983,0.14427897329383
0.324768258007251,-0.563808078197807,0.13206892503769,-0.200375355661901
-1.34866863650809,0.216814476351195,0.931531251628576,1.22793276361578
-0.525756623978243,-0.196817451815313,1.65336977424132,1.62785764192522
-2.27107450350451,-0.780347461986071,1.67423723283571,-0.176314743365278
-1.07516635016944,-0.810847789066498,-1.34056550005809,0.115487673186443
0.54322515558959,-1.05634420677374,1.08229865954417,0.159799994448101
-1.3022114213269,-1.28843603272931,-0.411548291381217,-0.688941514848208
-1.39147861349478,-0.327220237382957,-0.307521397014553,-0.657082233505642
-0.040491671780515,-0.194210157444603,-0.137648757418868,-1.17508857279131
-0.0350638661192785,0.330876009784054,-0.896917139507537,-1.09871713984877
-0.706645370464407,0.0754916254753378,-1.00549449184149,-0.90087606737137
0.768485038556461,0.262749458521684,-1.16831076034825,-0.924992954034177
-0.189899328321011,-1.22410346610396,1.07377930159716,0.279879802337349
1.71992715280637,-0.379720051575569,-1.50136446147851,-0.989998805234278
0.898733686934263,-0.515504384427604,-1.59754593536374,-0.930780810883944
2.98410531251673,-0.164691481322412,-0.135582263511566,0.487696085082339
-3.48071310578751,-1.52889507495129,0.105962080169822,0.138777412079678
-2.74393399189956,-1.70610152726966,0.983751802686345,0.128755681870476
-1.39157929917657,-1.11969365116684,1.84780087962767,0.631257238362221
-1.5501261529448,-1.2277315568097,1.86949456205652,0.476404883543243
-0.0836304102625309,-1.36244929373284,1.06847021381529,0.79675975078296
-3.28731198412596,-1.44137696204622,0.0313554107078042,0.786595035036872
-1.89032583223032,-2.18099478631628,0.000107479191384097,0.494502174511649
-1.4905971061382,-1.85938102187464,1.13847417001269,-0.00313541965117908
-1.89871651528075,-1.63844942933989,0.580930273952134,-0.510602302347699
-2.39224106743598,-1.92657878365337,0.988791203246009,-0.389733755071423
-1.0106161560573,-1.54691001151313,0.383916538479654,0.218632240197697
-0.994592451931726,-1.60787982407758,0.381645355769983,0.281600643427243
-2.04311548411719,-1.48656067349399,0.416682739921932,0.650518985547714
-2.65187144413115,-1.93919642375107,0.451741821679873,0.393553624080099
-2.7925093496967,-1.89543174023209,0.66692441823408,0.325494467240793
-2.52263749450832,-1.83548533759607,0.748331471045299,0.483208102291945
-2.39912002291016,-2.10149374013516,0.809952472972991,0.342861768897497
-2.52294095913932,-1.85879312651369,0.452210894910304,0.2348168850862
-2.86304051438602,-2.00295861429373,0.685111673481857,0.388640821840361
-2.49077253243794,-1.97392790068951,0.646592053805726,0.219313552392752
-2.36518258936595,-1.9810377712353,0.576989496691593,0.0903156821118719
-2.29291667765386,-1.39995243952612,0.930926176812742,0.672564875326276
-2.3409577882198,-1.93341737064487,0.86619371721638,0.143298751209022
-2.66239974234771,-2.21398760384756,0.866561066218102,0.287149986269154
-2.85348637248537,-2.07214943416839,0.40834775578459,0.0657667124595245
-2.01641495723546,-1.71951938778526,0.56226945877189,-0.435189887081654
-1.83681681529917,-1.67062970350518,0.697982713744569,-0.237639886036613
-1.59612924503124,-2.05082032471357,0.713377291414119,0.12530621398205
-1.42330915112401,-1.73037227443787,0.305870845428169,0.275587853777963
-2.03507033006272,-1.54120314766875,0.500765819770381,0.241360440514958
-1.09261794341973,-2.12143905967325,-0.0961603361115104,-0.0383998086792955
-1.95466485752345,-1.92221613541086,0.785798568060561,0.0569859708206621
-1.77979033111254,-2.03569091523135,0.457818509659791,0.110031294763844
-2.01726428029909,-1.67853275211062,0.412693363900383,-0.0354526172584962
-2.26272945663146,-1.97026345556196,0.709984468051122,0.207271227179859
-1.06395964961355,-1.53188621659917,0.00511045932311804,0.21577273826858
-2.05723870244316,-1.77189670426664,0.56493938561363,0.24559539289473
-2.41352244902022,-1.67647558523171,0.57345361844239,0.414373499449425
-2.2592358868441,-1.84245726427395,0.0984349853317452,0.209261281162386
-1.97275017361915,-1.96764588992096,0.4877923843912,0.132898669132388
-1.76146173731901,-1.20437315815017,0.000853705923269998,0.546340697431554
-2.13146531063349,-1.71773683476115,0.670211199291288,0.0536738264284125
-1.95539271238469,-1.63514247159613,0.393855994521546,0.242359849677242
-1.95474413531318,-1.74720841632409,0.163990255333688,0.0889547591866773
-2.66350744390049,-1.4995059910226,0.458728988309354,0.0204163777091591
-1.58682658193442,-1.06643064643821,1.07997867370558,0.650525212421291
-1.56121626862489,-1.07765586174035,1.06669945830102,0.657332600035395
-1.93685028721284,-1.92897612639942,1.75711346012461,0.374936635244428
-1.93098499712917,-1.93582876134173,1.68453932048596,0.38044343533477
-1.88959227613669,-1.5026293687742,0.976608744379765,0.212427110099173
-3.51990223314296,-1.45296398928862,0.201681647272377,-0.00318613193121647
-3.55452588500213,-1.41541367380067,0.238904315970222,0.0123645448670236
-3.22294808881846,-1.23437158199976,0.389738717122616,0.064543767155102
-2.77015927760536,-1.65454359547959,1.74815222163532,0.323519138153761
-2.24244147273696,-1.13841776466365,1.24064982058729,-0.130928093075151
-2.13256783051481,-1.69171261480872,0.751419243547874,-0.903050009742463
-2.04997941141964,-2.05783315148213,0.604087729799828,-0.605987597658462
-2.16615125728239,-1.75002526438427,0.352772605987272,0.534496445940835
-2.01076598272328,-1.75476027561451,0.239221707974663,0.594153453720297
-3.22244027835926,-1.15706384195317,0.633749191268111,-0.158868103558048
-3.10828813077487,-1.17213241075475,0.588814997864979,0.541816180382297
-2.89231872169761,-1.19914513767719,0.37283290697534,0.753896453027718
-2.65997065522932,-1.06710332571137,0.507377965994169,0.863777356177429
-1.95567565661743,-0.754820886560589,0.352096739212583,0.827283162182105
-2.09323538958901,-0.956726482951683,0.699607609441429,0.229260645932941
-3.20030699194275,-1.13300728361241,0.528689802758141,0.383909784126211
-0.893532522162335,-1.14154225929419,0.775425664929671,0.760967261186346
-2.21881506286562,-1.5557961807819,0.82095881879726,0.189030024302294
-4.38495937661173,-1.87184590147916,1.20421232310317,0.146875367096501
-0.486977508733563,-2.03899392771338,0.59785806439779,-0.262632561458662
-1.12973593775035,-1.16882360603412,1.45580756181677,-0.0569657760058299
-3.95255568438944,-0.79871089003634,0.57137024714623,-0.0494355657022422
-3.37666894597815,-1.71010627829317,1.41500413658364,0.0245675758705084
-2.92769804636868,-1.12505490983454,0.48306950333449,0.760592519980482
-1.03338749315933,-1.11694112349573,0.0376734743276348,0.229801640955811
0.824536312236692,-1.18219451200855,1.85858181499401,-0.226438116414947
-4.42518136094505,-1.14784672626393,0.184565522951067,-0.293139137597394
-4.01329186207758,-2.62110017865609,1.33677143353801,0.530726728429057
-2.66933388577348,-1.71409844934474,-0.311543819911678,0.698915640448391
-0.729931363362946,-0.180886994354251,0.572768658815248,0.431053005986816
-0.50092411596625,-0.169124588993358,0.675037382409443,0.717800092370708
0.416782815395534,-0.547274026223545,1.2983349538907,-0.236476771694222
-0.303119482143073,-1.32845206703071,1.15296700839112,-0.0043185881468735
-0.165875280020425,-1.02778757385267,0.687784914917123,-0.0319425978038398
1.87130841462677,-0.641986935012666,0.954614888978002,-0.37183677508062
1.05142864912294,-0.829277545908127,0.855676819316792,-0.135012549425244
0.704127183978059,-0.947824301661012,0.893085213867161,-0.426183444579487
1.32080341629456,-0.808413838101581,0.91216969463457,-0.330798766424256
0.90301239307734,-1.02725153054102,1.07555951730328,-0.430692262754258
1.13217675693427,-0.83543349372408,0.770056697462719,-0.166010420422
0.0855062371419689,-1.01889340921506,0.657383532477431,-0.530269502303985
-1.00728032954138,-0.467205993245587,0.905560815832135,-0.50780232195006
-1.1965056135125,-0.208670832420202,0.927048363864668,-1.22894407162147
-1.37424962557421,-0.360590504137027,0.770994173745126,-1.03026617815193
0.309967106231837,-0.390367474649904,0.456310935861268,-1.19783831548238
0.0251183471631422,-0.521152126178609,0.480515562933058,-1.05580824680331
-0.171882186193277,-0.98077657783517,0.86117293299351,-1.04879073696923
-1.50065887350287,-1.52224187581411,0.958266555672387,-0.710655281843279
0.346938183584288,-1.44840032032383,0.488682392306565,-0.672909088983048
0.000613484500148032,-1.50338515723813,0.940969719477623,-0.472991829034414
-0.703873252569054,-1.644250711568,0.725504337003426,-0.340947171284183
-1.16309085128263,-0.905024373300161,0.968671202164325,-1.20573379929395
-0.357243568009004,-0.774760091672913,1.36810369082275,-1.47713234084038
-0.247906748126692,-2.25542329272578,0.897906268979225,-0.889320089557345
-0.826152761827029,-1.55819236264277,1.56588353451671,-0.757386258165694
-0.875995914594134,-1.37881182608102,1.25060072847192,-0.746550008341385
-0.709337701787351,-1.70569315115414,0.97478391216781,-0.715141834850998
-1.05581713019282,-0.662497517460955,1.4838093489795,-1.0450770396807
-1.73347520528773,-1.59524602458523,0.801570312277174,-1.05976949413225
-1.74649695821073,-1.6043750785611,0.761308941733907,-1.08325902982298
-1.70730884871829,-1.61489007599036,0.773367085764508,-1.09263475907996
-1.724203262494,-1.44832161868929,0.786471284985737,-1.16207743785867
-1.58197286582943,-1.31631289559688,0.760473078244751,-1.0682452682355
-1.34255156748128,-1.4010669517999,0.682298962291045,-1.0740231902094
-1.1921064585783,-1.32039153931722,0.922606312766327,-1.10905361987064
-0.301588723860681,-0.928722965455916,2.30859985261947,-0.993510522611263
-0.650887889123267,-0.471617557370949,0.892791851927067,-0.98929027345772
0.844622375281443,-1.77450660682431,-0.450526150740507,-0.034102454962203
0.820946233513935,-1.77357873332197,-0.440988988593677,-0.0523869425686699
0.94052142682851,-1.73749349247592,-0.47021598875945,-0.055617318613394
-0.790075583415265,-0.879858545474789,0.554865665585775,-0.431471590814473
-0.0688380309780258,-1.37878728097943,0.757892691046054,-0.647506460240699
-1.6555997523531,-1.39363687307209,1.29938316485702,-0.437254969479226
-0.588615644750548,-0.581724657238573,1.05947413472681,-0.517932439521205
0.120902280337399,-1.06113635695775,0.638627911385882,-0.791395227874495
0.589610461616135,-0.414670181108344,1.01489704332341,-0.0864464358393982
0.184299134489066,-0.191323043039011,0.630233677604605,-0.272647795255682
-0.998125468492963,-0.912302665686025,0.839000864742052,-0.283254306871224
-0.567224998145653,-0.774785401233248,0.853714998566765,-0.162011989516831
-0.0538476103533055,-0.351320686879219,0.574452740826761,-0.0854711749490209
-0.221168965711758,-0.0335186301375304,0.775758564019424,-0.228665284999857
-1.20091763341379,-0.715303543727622,0.272087408936661,0.0273855687254799
0.368856651589513,-0.613611419233374,0.887204495746443,-0.410046371411589
-0.130589840919728,-0.304421849340942,0.895196583756527,-0.510050627825899
0.293082047393005,-0.545473327658679,0.730767320288594,-0.806060248813744
0.247183982096059,-0.539071714854521,0.79622641103458,-0.833845232425346
1.31349601050401,-0.619259509514032,-0.416238992003033,-0.328402117061751
-0.447253583795938,-0.552628214190872,0.309847934709416,-0.554160067195603
-0.624805050274525,-0.783463131276226,0.147504137383457,-0.333700173840069
-0.703558715409404,-0.708591136208038,0.248339466201276,-0.26692806107875
-0.23026545362964,-0.830143883659103,0.237308460281686,-0.474720426619821
-0.572082178314947,-1.03740374582001,0.969911759673029,-0.0384706387704297
-0.258872734175333,-0.857901016439928,0.367358754102869,0.119952564973008
-0.81196504231298,-1.89996413413903,0.595766286010415,-0.318592745645257
-2.22453759694968,-1.30059861097861,0.366623627082655,-0.186564083466828
-0.962539105708683,-1.27651876042908,-0.322001652395345,0.495627135065133
-2.99497953225028,-2.28488768845724,0.772936629342581,-0.345397183663388
-2.88278455682795,-2.18554792476863,0.416004702426454,-0.566359662274508
-2.74965538230796,-0.715118296292994,-0.040864965328179,1.0460651328603
-2.63688120040955,-0.460149223329453,-0.594804197921174,0.478103421290722
0.43915561053161,0.0136184590364714,0.581469729349278,-1.14646190276261
-0.137585992727015,-0.574300680169643,0.233602943809209,-0.550629413577291
-0.219021673084658,-1.67673495560938,-0.276609393572799,0.761272988245014
-0.359694126116132,-1.74224409139666,-0.480839004717341,0.778810912721025
-1.491190727873,-1.08208812342575,-0.390936356194436,0.233023297603711
-2.29239699043527,-0.352354081173724,1.59285801771774,-0.738419443675828
-1.37527854790912,-0.297072153988374,1.31029185150514,-0.59060878150874
-1.62464815690432,-0.251723500463574,1.02643470283824,-0.238549600997428
-1.27295648625788,-0.412546076197418,1.22682571735494,-0.148439839253142
-1.62305608611371,-0.71751067995033,0.602289319940922,-0.285411690457506
-0.991599250621338,-1.5104927054019,-0.479698094094969,-0.312213873088995
-1.90974555218686,-1.56177196524375,0.0636104264115744,-0.255577667510525
-0.101785174806322,-1.21344933152378,-1.02059463228423,0.493707096854129
-0.720218143243613,-1.23731577407778,0.499205524080081,0.563276284484658
-1.08976282835053,-1.40929004245265,1.18852924771413,0.112890719433331
-1.94256794788503,-0.473315926396503,-0.391527996466256,-0.314890097208986
-1.74803066254461,-0.331927324966484,0.0938084043630623,-0.285193298880754
-3.04480792630781,-0.727622249844691,0.732520063938659,0.343042614321297
-0.0387065038431524,-0.885320630684841,0.484644696824215,0.147848971114332
-0.7806371926417,-1.49443352693154,-1.46877161733513,0.27383768803654
-2.08805208164905,-0.706562658170183,-0.522973579294375,0.329646114963352
-1.99577809444797,-0.776052735241102,0.418063987718511,-0.34253948589425
-3.37413447320488,-1.09552705205923,-0.910488275791538,0.141329821611526
-1.42718631316469,-1.01791256095024,1.0236858972444,0.0514833989716949
-0.88664911899988,-0.617730268264076,0.0368189691528667,-1.03263281242578
-1.54033404935812,-1.25026094252915,0.565244943980068,-0.023691085048369
-3.25037018341659,-0.652338474007258,-0.483554180751579,-0.126523807854396
-0.0505601413905197,-0.884759346265121,1.26645909818399,0.134132241851148
-3.53114567897782,-0.662041363264958,0.00160214236205774,-0.0947981420751541
-2.36263304824433,-0.559473725315814,-0.0946191716912,0.33451871604881
-3.41768163129261,-1.13074704608281,-0.807347470554842,-0.421738600710653
-3.07509108009879,-0.802429312243911,-1.46059238569946,0.174211202210452
-2.71766561020312,-1.09321195348791,0.258088161969344,-0.160547199716829
-2.64021501739045,-1.00607156058157,0.223053584880468,-0.0831746252604981
-2.84956870113898,-0.939262079649859,0.33952471186012,-0.18447101285054
-2.99125487709171,-0.606031219382197,0.899290452102512,-0.421879851486726
-3.98614935573178,-0.424353089529551,0.556069458825324,-0.164775412864085
0.263052104095076,-0.592075504676467,1.43633638192805,-0.0613538881600943
0.128754766075705,-0.628902842588408,1.46779673925868,-0.0182149461284993
1.82310666215837,-1.14255639786352,0.719380386912169,-0.334220336166134
1.13337640326493,-1.41661408802914,0.657582722814777,-0.139028707768595
0.969844253986979,-1.52334606567858,0.909110616846146,-0.0400656680107039
0.144761573767287,-1.36632345104342,0.455242280308317,-0.710005279386438
0.324053366774249,-1.60337377450525,0.415315124773885,-0.450935158228664
-0.0716507538074505,-1.82877345591834,0.332471030076411,-0.629224649552138
-0.0125387550817996,-1.23658062864374,-0.362739065461063,0.155174298887569
-0.941720733174526,-1.11685905185803,0.0830465240144068,-0.0420412510414545
-0.324412692248193,-0.931742975403584,-0.588738094120066,0.261162428357136
-0.142630492453863,-0.829092123970717,0.102788688449499,0.0443124619333572
-3.217787981327,-0.280688093408948,-0.367074563056567,-0.175138237875353
-3.55262689038852,-1.00658827051466,-0.503481012472061,-0.0121305238724935
-2.89066867980258,-0.394653222172757,-0.174758513394246,0.283374149649258
-0.021844453252517,-0.485213795517798,0.416127683599224,-0.801234493117837
-0.228951953086403,-0.769167715674098,-0.0689737348596298,-0.984673587754691
-0.314071660570959,0.0326316732680433,0.72820764008166,-0.646188113648531
-1.08088669807116,-0.67625345599705,0.389065971633442,-1.10211071406985
0.298827366513431,-0.179924379777846,0.226448750663834,-0.838943533585055
-0.568879422008201,-0.498601036447651,0.113660488752345,-1.04815763940761
-0.922666506259008,-0.38363533663112,0.488169311941525,-0.75450995696062
-0.637610049303144,-0.763147409622202,0.416924901690001,-0.961722958570319
-0.517440063656445,-0.585338747864838,-0.147059196984825,-0.842606067671468
-1.21098375580946,-0.484461804622083,0.127312593133272,-1.09113783981368
-0.769810957625568,-0.136421358911058,0.267988936010456,-0.821142319516808
-0.383453939357187,-0.0351394227276157,0.126500380416421,-1.09868019732741
-1.40161389708851,-0.934906859872182,-0.494434737517062,-0.479053584030157
-0.221515778417705,-1.16044930349339,-0.980092870230589,-0.329537460460684
-1.45417544911177,-2.29567412426932,0.695845714874237,0.11237653508586
-1.06745127221909,-2.43451987033915,0.49322041871745,-0.112161020700903
-3.08133511384642,-0.763884416472256,-0.250483723238503,-0.512351078946981
-3.35555895697237,-0.706923649806388,-0.068069078027516,-0.529914538234393
-2.02569788426833,-1.70074448893587,-0.124460119408675,-0.788036783822978
-2.32905894854312,-1.13316029471521,-0.35064446665549,-0.864446896264171
-1.31365886545616,-1.01131411515892,0.386716219964854,-0.167106208868396
-0.607838502689243,-1.07890893516936,-1.46626210612222,0.0489731721620464
-1.63460365703058,-0.62293291944383,0.725276789499162,0.913031339781076
-1.15985799209815,-0.643392901215168,1.04805922822475,0.184820146402982
-5.31354729617037,-0.40160148085773,0.197689397963994,0.0132957340532764
-5.36638545263777,-0.425379024009631,0.204508074173414,0.00873142002262866
-5.22787428197888,-0.385749634773775,0.235943902356328,0.0254597553590406
-4.18509393063497,-0.703793300730638,0.467887324660757,0.116942132520692
-4.54605620820318,-0.291341146366101,-0.0546704769782832,0.657520454349803
-4.32828678684444,-0.101038642624679,0.447281559584527,0.0750837859277037
-3.15139699099857,-0.362510056067801,0.079489193352881,0.278783029948586
-0.936572179003811,-1.13679938127797,0.783108395127246,-0.804058102353324
-1.91119335745708,-1.17033503771845,0.799878160223926,-0.601912607084434
-4.56402500082147,0.0083056044299139,0.0448506437269415,-0.237819301187993
-1.82832402573428,-1.02912714341626,-0.511444155518844,-0.632001704847451
-2.51590119386156,-1.43762671760231,-1.6558675941459,-0.602922183023215
-2.63444843026591,-1.28556580367288,-1.80988215871281,-0.469575813973677
-1.4122925369209,-1.4434131589952,-1.41497604939534,-1.41473296312168
-1.73429262716675,-0.528659560119119,-0.496463965822096,-0.395476977539286
-1.70820136707951,-0.461951422009578,-0.358250527191062,-0.432873452706928
-3.93280335300125,-1.37474023607849,-0.223287226399679,-0.317180684682263
-3.29454433814063,-0.481058493237489,-1.58465698395878,-0.911988137693374
-3.79292296881706,-0.189616694590271,-1.7966931938742,-0.779102592334014
-2.97286433490428,-0.4392899268237,-1.06979704162308,-1.01280821838484
-2.80142201841806,-1.26103835771484,1.0930995320827,-0.676814353552483
-3.21171504892102,-1.15286593999993,0.89512726325743,-0.660840157161628
-2.70236934374145,-0.991237033625739,0.99277711859369,-0.495966363345898
-3.38599204170248,-1.06859228188993,0.190284553108815,0.0651148156208173
-1.92901375013385,-0.234298687371086,-1.08232519206711,-0.0542625177065526
-0.142008518549761,-0.88480364072424,-1.374482549291,-0.493494166500233
-2.45660403009186,-0.907448001471181,-1.19903587876804,-0.181075727134771
-0.0274762664065742,-1.67969226974245,-0.18254285815283,0.496880537268137
-1.35028899973005,0.115821583271571,1.17380176128399,-0.200672698281951
-2.97924176617734,-1.09078534598449,0.905857568502552,-0.360902049393559
-2.7731608563756,-0.602801491422657,0.962931412555721,-0.15002329234252
-2.70214072952807,0.221137105073935,0.665743984441022,0.846357125205819
-1.81855385289874,-1.11631193161073,-0.270729264380471,0.0645167604021222
-1.39831066805728,-0.68161135565871,0.850930144498666,-0.86707569684877
-1.84530011197659,-1.4310923088139,-0.254204684268086,-0.459652259816318
-0.864539815664148,-0.459827707216091,-1.35822034687601,-0.291354493552656
-2.18212220382486,-0.208476481274385,1.06402312676119,0.782863949425616
-3.53450879643371,-0.317175239150371,1.15124437899531,0.312901322775155
-1.38561158479323,-1.26058253914982,0.497596130919238,-0.740954444415826
-2.7439638097407,-0.289593540600497,-0.341591845596827,0.690366386820521
-2.78108394823645,-1.59741292475157,0.599239639287293,0.339900642010065
-4.25918922494736,-0.833349566084757,-0.00390998057538433,0.781594834361694
-2.736404868248,-0.77086206913502,-0.414373146350333,0.0639711059252088
0.219922178252715,-0.674784928437721,-0.64269793288656,-0.208360467737189
-0.882799325713216,-1.06981864627773,-0.46006236377521,0.167770782184433
-1.29077609035915,-0.526389906909389,1.36567688508119,-0.292936123465916
-2.3042966079987,-0.863434729599154,0.565510445113594,0.492530403736725
1.51343729590145,-1.40552277070713,0.127206997818522,0.0666809611245134
-2.64032646083233,-0.383319308965921,0.758145857763416,0.0230111971491569
-2.40131771278865,-0.243955551225189,-0.686337664235319,0.022005049800691
-1.2952357798361,-1.16726608567104,0.80444838336672,-0.636852053406936
-0.777959469459375,-0.539737346784207,0.0848396128628411,0.0449704649835342
-2.39826596459264,-0.677895434152529,0.102671636599011,0.0703019079034199
-1.81676610793929,-0.332919509890633,0.0641781738007013,0.115316464358336
-0.190838955828255,-1.6624727736265,0.190113470705485,0.313533566977308
-1.42403704506654,-0.527844637261903,1.17709553154623,-0.330387352422628
-2.34985652722164,-0.812083462895944,-0.118560425377431,0.0447770202302484
-3.06286320443732,0.525467699237068,-0.950357223161753,0.382240955975785
-3.01721507132638,0.565860639988495,0.20856973770613,0.0462738064400976
-1.67573150862235,0.472463785124623,0.417569478720443,0.0322887125009384
-2.70466264959192,0.63690581750507,-0.597533665969566,-0.55105842041682
-2.99438693753836,0.530994969808984,0.651747844537361,-0.353137172956144
-2.17383027835422,0.402161294828551,0.440392339778764,0.0896258895114221
-4.12632303582976,-0.824314980982275,-0.105126251744959,-0.672679724453159
-2.69267104526197,0.143066060913469,-0.173194076571519,-0.933437623060951
-3.10367912380962,-0.233666275039668,1.11963042843494,-0.353698239792832
-3.50017998966329,1.01832010569017,0.635312066967793,-0.939801109543848
-3.73567898466844,0.677495210496605,0.558742793036439,-0.99405212695327
-3.83726104900893,0.668045907061972,0.527699906544244,-0.852483009396897
-3.66419379885397,0.686281869260321,0.819674124800352,-0.759286995222419
-4.38251205059768,0.360230612524442,0.355719487407792,-0.318295640689692
-1.44037528986337,-0.135007995516673,0.907074297601225,-0.205992391660103
-1.14151709742475,-0.309528784107596,-0.423096603180157,-0.304773133366672
-2.07166314933091,-0.446702629207811,-0.394869562270435,-0.53000994079965
-1.19490407843688,-1.02036617294951,-0.0366153951647668,-0.275549804629052
-2.3091631301245,-0.509065322099874,-0.688935442836769,-0.260675834564725
-1.90339082311174,-0.483215509837014,-0.941218199859819,-0.0795683391117489
-1.02058588059406,-0.789793669718796,-0.526673055279918,-0.0566775870244578
-2.56090642069985,-0.852882831185957,0.122341732348717,-0.179386447011527
-1.76858260953969,-1.66514147194604,0.445526505980102,-0.464913555964339
-1.75186605240174,-1.77261174015557,0.467361509820526,-0.490188145618941
-2.27186666230374,-1.95165434458339,0.502991921416552,-0.16422663724063
-2.6370730262214,-1.34955374079689,1.26532835688176,-0.371816007954903
-2.98736790343607,-1.34293598599025,0.959214902351989,1.19548254570578
-3.59659243594795,-0.616339109931163,1.55698125532671,0.704087989027088
-3.16025522257935,-0.82200952665419,-0.497325797907019,0.728784976167109
-3.20759841761429,-2.47546037598,-0.0194311287208786,0.282682777283804
-1.48059096772978,-0.323705526455491,0.0873084054094506,0.965788053624479
-5.53146761114901,-0.35933549525307,-0.700167107788926,-0.182758213124345
-5.48036515736176,-0.358692233989678,-0.699920515074709,-0.173403973711665
-4.43601356471182,-0.174672124963188,-0.761868060075811,-0.285080790302914
-3.31278123004775,-0.381209441327024,-0.702790071831897,0.674138102129508
-3.46484476079803,-0.398822335506859,0.386764141787208,0.37302958360652
-3.19963705672229,-0.242469926662806,-0.727587992168812,0.413071717968462
-3.40197301036641,-0.545096183845264,-0.97419552362938,0.221115987655521
-3.43034788332614,1.18938788029463,1.13163686946929,0.494138032215031
-3.96383455089266,1.69413117184823,0.956449127470435,0.820297883840012
-1.52593561983389,1.53135699375015,1.93808588689043,-0.366510595185221
-4.50184197761205,0.975135366906314,1.28634645287311,0.264281636682014
-2.74820398896931,1.08404995109153,0.264542117333526,0.806595163966445
-2.40664179911585,0.963574213271573,0.60401083593501,1.00236946532503
-3.73670280593643,1.21104957451087,0.833560345009118,0.42093628531443
-3.72374766259451,0.647126548721748,0.606667045347477,1.16479596194553
-3.61918824058388,0.736060651379986,0.704534718354936,1.08014452488134
-4.28979013029295,1.17841922235252,0.473462811342703,0.641254238286952
-2.38901115044518,-0.358697802207354,1.36432005071439,-0.102195907120366
-2.53971084521984,-0.438642791574269,2.07411318987253,0.250177515436195
-1.58822674707777,-0.698586497922053,0.503325213167285,-0.738661122516488
-0.630814493113079,-1.08708288490785,1.03337167080956,-0.740338514098044
-2.06251689601759,0.19119146550955,1.4031446221911,0.352876818803628
-2.95285704235804,0.50951254872626,1.15401080356029,-0.0041907601292871
-0.442575393753512,0.333014002427586,-0.689028921827435,0.768186164593232
1.71779199790105,0.341556577683568,0.736374396408413,0.28290572490092
0.00472654592391719,0.00729503007412352,0.761752528027706,0.196836882156475
-1.05325109910327,-0.0834856463052894,0.944394175144719,0.45956706660342
-0.333609342935515,0.460882468577598,1.28250125000282,0.0690004109809823
-1.60991878273303,-0.7688137456905,-0.0805908307459047,1.21760292495021
-0.692467304557915,-0.367751984490734,-0.73860680334383,1.11637473741546
-0.819296082091847,-1.32694181506283,0.880189634753431,-0.630267103704204
-1.03015807822608,-1.41699033019689,0.575697252173742,-0.521664679805719
-3.67358029666995,-1.20747890240983,0.19964260389016,-0.85395108115789
-3.5005611436621,-0.896050048821416,-0.0342114340420683,-0.547280237779269
-5.08493999000156,-0.799934186143361,1.218374806576,0.762385831411269
-4.98504774262971,-0.722998230293148,1.27023622001616,0.808821362302948
-3.36515633102835,-0.724813645095695,1.05025146151417,0.80933346232936
-3.86379197871781,-1.1685974612232,-0.184908014130617,1.56147595922918
-2.28958252381651,0.443969485872913,0.300795860448884,-0.0673626287956541
-2.40735619066455,0.511178996625467,0.44589991250083,-0.0436228467827036
-1.39527559744314,0.627578414417505,0.226304241862823,0.0537857569873736
-1.29242641661171,-0.230513380353523,0.800986959634826,0.877754049691298
-0.69819314072568,-0.0608392135274791,1.33014554042664,0.490066909480087
-2.47889597871818,-0.217408568813841,1.43779303152603,0.918256026192016
-1.82612975969638,-0.22913146680174,0.881439870942221,0.653239934103585
-1.09627730408942,0.0759453142868367,1.22300929393881,0.67646364675359
-4.03263366188799,-1.02417834937423,2.70329292450891,0.617652469207826
-4.09025609297228,-0.900844188697386,2.04465598303582,1.03797432039948
-3.64558592378163,-1.06316550802789,1.94430960146929,1.04675463681325
-3.128447640127,-1.00436599123448,1.55242392658545,0.709132298059593
-1.36793993740707,-0.286584593674113,-0.101609477807073,0.305851111289719
-0.95169941816608,-0.645926083205949,-0.425525416229682,0.393775149834149
-1.220887455182,-0.268941501692066,-0.306046953303852,0.520278485244757
-1.66949572064986,-0.353012412541622,0.0796621794562721,0.450150408697897
-1.21961368743341,-0.379385723962108,0.18773894518901,0.456211780445994
-3.32326538897827,-0.126821115369154,-0.265802634974449,0.988529460008261
-3.37073088551463,-0.127014831148668,-0.173335029485985,0.9613103806805
-4.00494782721933,0.100405284985411,0.0145553483218443,0.599782536936301
-4.5533804176644,-1.96885149634702,1.21803232011014,0.175569297825891
-5.28783216881186,-2.04670438149003,1.01364892161306,0.176677947139942
-2.56626116795787,0.112873161446032,-0.307540114939823,0.517809387917986
-2.34265109496114,0.0637493911556393,-0.177573817040538,0.575891063150112
-4.75873194159935,-0.536383401381239,0.0192386048329655,0.593880064481649
-3.88466638332718,-0.680571725807482,0.672599408957809,0.864763543850542
-3.33191108312296,-0.781593338728257,0.611247707620401,0.404625477844856
-2.98601340433396,-0.551985719323927,0.881647111826592,0.495622040070726
-5.15373495734071,-0.138522951473695,1.44199859065181,1.6727649148112
-5.53849533542151,-1.22296399591515,0.789046200402227,0.76070292669801
-3.58875851228445,-0.547199457028241,1.39443675823833,-0.257182204206884
-4.18076471206506,-0.769025527872327,1.04129524281859,-0.182284442192068
-2.29886669927133,-0.552363261545256,1.08062756063196,-0.0521355092242417
-2.46556339927174,-0.218630433109647,0.862145509727059,0.682022996960788
-2.92965257193544,-0.0877959268973637,0.747859080911466,0.761435884974049
-2.32609050689735,0.687794723255819,-0.365317789166543,0.92538484852079
-3.53897256669583,0.954563803418821,-0.784542024026573,1.39295449777138
-2.54323000483373,0.549860671228376,0.739272306387755,0.824166955162356
-2.63452017998025,0.539424492301994,0.706749674142953,0.823281750191873
-1.36124287495139,1.28569025539691,0.235103928997646,0.5254019794499
-1.78153729129208,1.49679278207033,-0.101089436116691,0.607049105166206
-1.22372789491137,1.13603767367577,0.906068345862707,0.881602774202851
-2.238930694188,0.711404178172561,-0.344910116162264,0.388800640387603
-1.73326800048414,0.913835017614075,0.183480911415806,0.337569437636575
-1.66223304610559,0.723544221720765,0.0916868091634647,0.335389370572911
-2.52222010877658,0.299714095250409,-0.388243536157734,0.322893838545609
-0.118799041609399,-0.251930731237962,0.680361005555175,0.0959085313322523
-0.369549774130522,-0.241588084932306,0.552121491680318,0.00388437407483628
-0.523631537637955,0.187067473870508,0.437182854272323,0.169683397940561
-0.889063397249207,-0.299831232632639,0.534341865052139,0.642529799535559
-3.64042204063343,0.411122952024762,0.420335418581246,-0.350006058886159
-0.574745063653189,0.273941907273366,1.47555017449113,0.542919169310877
-1.65548507770762,0.535443354552617,-0.0837025519110591,-0.115021375513161
-1.43339736907782,0.0527311627965271,1.04101693785098,0.0700478855075619
-2.60703070202561,-0.547980116076145,0.71574029180881,0.611434951400355
-2.26770986057838,0.45413386390667,-0.209210456132773,0.59371553303727
-1.23082224212729,0.37156447355266,0.421498227601503,0.758463692752395
-0.185509803470326,0.758178747345798,1.0729737978609,0.295696529275317
-1.48080280675817,0.453780555408449,-0.114787248004377,0.824550315518539
-1.08913942757966,-0.121335353001891,0.107370245368876,0.66327894262054
-0.874989563349918,0.18069813177748,0.212293055127548,0.315964949904204
-1.40417262412467,-0.158245189545789,1.04545633367737,0.374106588716272
-0.645626472125948,-0.404512389322828,1.00178883616626,0.639142987924147
-2.94995219939322,-0.147739565740723,0.472258249642063,0.614567558029233
-1.66106591555817,-0.409677428995089,-0.00194287665374959,0.374229583996229
-1.65804114166912,0.149087986494034,0.194802340328615,0.973842325590424
-0.989538604881345,0.329443660297427,-0.518606825321061,0.219344565746113
-2.2875201424225,0.281711067746495,0.651827646847401,0.944901918072066
-1.82243493811632,0.198171786414926,0.528499581696222,0.41628204241936
-3.25245877462334,0.377887048227348,0.891034824644615,0.444602158300192
-3.43177963931689,-0.606958800650821,0.72453159399382,0.479397595563513
-2.13434552335434,-0.208532203126879,0.886139721511109,0.730676721159496
-1.67639223106564,-0.328497565844732,1.36176524161774,0.0784530636060458
-2.82734432774584,-0.0630007554336577,2.62235029784058,-0.288983995324491
-1.05527885296965,-0.950510877854569,1.00649767943933,0.278665969814056
-3.52096572066746,0.982408384998405,1.21349314699391,0.327839859573831
-2.9585643894011,-1.28285107833252,1.01325384140829,0.523084587588062
-2.61747006360384,-0.548269354099043,-0.0468078443137558,0.167893602032408
-4.44840565635475,0.548739297471921,1.36402667573364,0.694925273984939
-1.11123453629116,-0.84060007342196,2.50070427384597,1.03807164483524
-3.52674821621886,-0.625162929700679,0.847905449157468,0.519927753418168
-3.21225670855996,-0.213890940723324,-0.826583262389067,1.06423775708889
-2.66177529418757,-0.520785916426218,0.676940196940662,0.65540155446736
-3.7079226336638,0.260013793556583,0.781804983566235,-0.258425844883693
-2.65889528225886,0.279118620791264,0.209065313844318,0.759698993337407
-3.3143023482467,-0.564912503545028,1.51162668121756,-0.572339409946211
-3.20254233680294,-0.59192297936218,1.53183866581692,-0.534005707894854
-0.570749472981544,-1.15116668425601,-0.543285129591616,0.358300723957478
-0.665320542530906,-1.0423817722093,0.154277360313019,0.792531864787852
-3.67478694443784,0.289761874509785,0.393659543943767,-0.510894183595796
-3.55235195694849,0.291811779334823,0.894325256864999,-0.310466630029639
-2.31883141893221,0.22337052472036,0.731483466750612,0.319873428386328
1.39819849419007,-0.0945455714702996,0.571036769061515,0.149849769485378
-1.42570983459379,-0.131754177972447,0.429154706494062,0.0623919002676023
1.21625632537292,-1.66925984568603,0.845136839841657,-0.0304852339849292
-1.40694583206996,-0.586106038578931,1.87383748766273,0.77307001838774
-3.28242438600935,-0.146332667129739,0.222786193927664,0.506175313198068
-1.17878643311639,-0.295810788490295,1.04171271652489,0.168426726975141
-2.66342625261389,-0.613806516805897,0.56403548331423,0.239619360687868
-2.15674429325308,-0.647459951566968,1.42373004853124,0.32035764417391
-1.97225838758243,-0.812803088719955,1.85919613003917,0.188861999900333
-2.49996377973068,0.225111701871948,0.779315066427778,-0.070636037222121
-2.5078397652483,0.458583467346589,0.592478286734678,-0.250221298829047
-1.34958021903884,-1.18715231691936,-1.04732692099625,0.289955719273364
-1.34971782890941,-1.46983666800693,-0.296252091490293,0.170450905010395
-3.13619049734186,-0.456883577330427,0.0483146338017966,0.740260783148551
-2.72499034788046,-0.207545964526661,0.185491279155675,0.492753438280542
-4.23825847059352,-0.305817798839729,0.473862534125695,0.38312290200231
-4.66530909720742,-0.545464649493022,0.179005262110247,0.554979387809859
0.717994243893275,-1.46017563659932,0.56789533881351,0.809300293388818
0.949637714631013,-1.50861662289936,0.324724625209156,0.640082179111108
-2.26305673989032,0.205385804068964,0.751987650068567,0.175786262869054
-3.61502181698059,-0.379259414235023,0.454649877259095,-0.221043121728935
-1.92571484994875,0.299006148811685,0.614038991508202,-0.0209899169435694
-1.79793900678382,-0.137449815796788,1.06193961986732,-0.463183080497603
0.32345198307588,-0.310867299354096,-0.133843183927935,0.0201681271324685
-1.09577048039164,-0.672669171461208,0.875062569164898,0.698167003085712
-0.923569431003572,-0.472391651341431,0.624672565852904,0.657424371017906
-4.27303352258016,-1.3731460734865,0.320710519555326,1.08399980743767
-4.30459628639138,-1.5539554555263,0.240401596512793,0.974944693294902
-4.62501698751979,-0.944197580324031,0.496159434938159,0.948691592024303
-1.57298099484545,-0.146243798910985,0.951376376438154,0.164005293963783
-1.36374635339075,-0.469836335897159,-0.153787220258227,0.290127885292311
-3.08825302038181,-0.721271782872662,0.424316878488515,0.514400632825208
-3.04832564254984,-0.382035451133218,0.158296511243032,0.537126761469541
-2.90727530798492,-1.23931579987611,0.216637928318481,0.760575231648297
-2.70449775183227,-1.01319074382791,-0.0699510445350828,0.816492502160035
-1.8851228720975,-1.15399210353806,0.389497999321279,-0.251492807101923
-1.54935026460767,-0.922074679007042,0.538786109300586,-0.330145831634328
-3.36714919609445,-0.509229582569565,0.0327388761531939,0.330396668626366
-3.42378810954874,-0.660690986942163,0.00954551001221286,0.491255570398893
-3.51131342678016,-0.73880182167095,0.0636637810222091,0.231495095839006
-0.953955596036324,-0.781761180019902,-0.374938045521922,1.87124184764731
-0.989634704392836,-0.778518863855276,-0.373991376974573,1.87883972703006
-0.989466202483401,-0.773153772359749,-0.376777215634426,1.88037699928106
-0.963228598820144,-0.77416561048769,-0.384427838044508,1.87914955999729
-0.972139329158581,-0.77806946248226,-0.367286885944968,1.86852360748012
-1.17221466471582,-0.668121060781256,-0.170538318611307,-0.0587760798117633
-1.00800993042974,-0.299860171415691,-0.398288842199997,-0.0203463965087744
-1.5340363828023,-0.855294060240045,-1.01488559842247,-0.103848787190665
-0.798548666864288,0.583581456901269,-0.446953264273767,0.645494255461439
-2.46660917876446,-0.543403185307468,0.368759741493156,-0.790825738004255
-2.4065249213716,-0.534257848208806,0.389784623028057,-0.825910837607504
-2.42620407519022,-0.516051893074238,0.405139186588268,-0.814252853615622
-2.22028405844032,-0.86556257654298,-0.542163649159813,0.207439568681066
-3.29873332881333,0.0372631994655398,-0.353882098267514,-0.0993572334111227
-1.3108416141707,-1.03435646251336,-0.863350246217056,1.0535340026117
-1.34346345820915,-1.04942566265785,-0.875526370377141,1.06001147856723
-1.3591746329117,-1.02322861024323,-0.857692897387731,1.04872945523682
-1.3700516573925,-1.04532649725043,-0.85135594467425,1.04962778170695
-1.36873200240027,-1.02797700354103,-0.898135945780571,1.05046208798203
-1.31745184302526,-1.0352017914615,-0.864231384829393,1.05084328744423
-1.88759451474385,-0.87400852176805,-0.851731751557783,0.251582833471238
-0.16509968411659,-0.392779220689652,1.0156732293942,0.125396518236119
0.0999171841338938,-0.354127399513764,0.831007264203445,0.25721146914471
1.28071046560617,0.0309188525414954,0.438927906994431,0.321454348023652
-0.30047080098578,-0.289596239342916,1.12183405689438,0.342802064060544
0.476995538981958,-0.319377378740717,1.06874407133825,0.448722182895997
1.06103904324323,-0.379659192276266,1.21028834610544,0.384783672461928
0.104896277121074,-0.466074033357555,0.90088865146987,0.107980023541083
-0.228744199261145,-0.296210063184421,0.83067378587924,0.441546462973503
-0.221367794055085,-0.263186821881207,0.928243542173297,0.184833782597715
1.48329867682543,-0.415903203042565,0.975775683743868,-0.104727474472167
0.151438591534745,-0.279383551694922,1.09037374877086,0.167865570878095
1.13599928968067,-0.302272696719199,0.29026084625069,0.853059900061836
1.12140855047991,-0.315227456258696,0.321930940001026,0.851873606468048
0.767774382970331,-0.14139680475699,-0.196385854916236,0.409121097999581
-0.326961108474564,-0.128098254918298,-0.804675692827895,1.06967786895793
-0.444245156667165,-0.0876946852401678,-0.762442701613372,1.16346872018644
-0.719859666927273,0.254494607495825,-0.149832381379649,0.782681655280337
-0.734195782361749,-0.515535273703537,0.824809183581856,0.371017370213903
-1.64233514037509,-0.499557555215171,1.15267100339255,0.0443208918303372
-0.832779083920087,-0.755563915932833,1.10436218597003,0.268483718977033
-0.690863905542079,-0.544094716453836,1.03313724698015,0.0307411013927461
-3.30954381194796,-0.513009850155687,1.52735386581621,0.0367934422271318
-3.60727127837923,-0.779249369590133,0.771679658883866,0.0153439818638943
-3.05064494923419,-0.604486228445322,0.864935110111813,0.375426919212189
-3.58629716899492,-0.825840093633468,0.284699325816187,0.217075280994206
-3.2065795613422,-1.07323670307751,0.627889181269317,0.201562107774994
-4.2265498281267,-0.337519092232599,0.944752314511045,-0.025121787924617
-3.22315898601644,-0.168035499555172,0.706008358753833,-0.0831462507591169
-1.57355110946234,0.692385200969781,0.774337431647968,-0.137930838308808
-1.97861003972229,-1.1989449689566,-0.129118328010935,0.691139633398814
-2.59560439321963,0.0160717878740859,0.446620830310502,0.313020717374823
-2.85824280925129,-0.26880806849836,-1.45553829775922,0.946171462288112
-2.42150998272925,-0.180855861736759,-1.60713391899293,0.353583969209047
-2.67353441241197,0.0908697549632059,-1.3426823010696,0.547313719362887
-2.72295134186135,-0.716790022150235,-2.09197270568378,0.840123283033282
-2.37444140402102,-0.180880097816784,-1.76095119530916,0.87556499388426
-2.16687408462137,0.0236181680928796,-1.17984372609009,0.769059561225736
-2.45494431104165,-0.38003536045441,-1.83952501469244,1.21434155235346
-2.59313557690884,0.617413939418821,-1.52979046017497,0.520115846308812
-1.92913163158542,-0.277797886002865,-1.44821762724575,0.740470703145445
-1.83057266966303,-0.670680190605032,-1.35303592834866,0.906370998785116
-3.24391316133404,-0.638698967429845,-1.72607439622798,0.988746817836025
-1.87431584791084,-0.268355434521624,-1.81528638603274,0.772428877029736
0.159045774286174,-0.0223231680622014,-0.0120618496527388,-0.154567778415919
-0.186525458882011,-0.0635940794994937,-0.0225803449768208,-0.170419992248213
-0.518627274781241,-0.143909365981441,0.535747050052496,-0.175412383732861
-1.33456299791222,0.0293027950815987,0.423222264559175,1.19110308567238
-0.742567725994268,0.114822458763063,0.378288717252075,1.18504396452453
-1.94405225611177,-0.745203886322014,0.500817087945931,1.35696824089998
-1.39501795227994,-0.809908419235303,0.310556075827576,0.253298393166161
-0.942139415093856,-0.6559154069226,0.479241946243882,0.252567356862624
-1.28514654077323,-0.848654975320245,0.399772075369694,0.224990204267697
-1.235815993329,-0.40848476681374,0.75375617857657,0.486169581852556
-2.20423983214427,-0.144807417876399,0.721242181628898,0.120891079236713
-1.13770772390881,-0.511266704403904,-0.420912481642918,-0.030667992302585
-2.12061343051029,-0.0954473629839087,-0.517241651246587,-0.179693802377039
-1.53171260307638,-0.563631712228387,-0.864810418722617,-0.267185144136533
-2.26893695836779,-0.839187807889202,-0.537905074968911,-0.0168801274258471
-2.24673687328189,-0.539072749406131,-0.950876177742306,-0.0387462325069557
-2.4368164482605,-0.91645785427711,-0.823685994624555,-0.255689137164834
-2.47740961172546,-0.513927778693533,-0.294359807024867,-0.177267346517421
-2.13526230306878,-0.787305564630944,-0.673653499057979,-0.265893932879198
-2.01280462416584,-0.503738115526473,-0.311409690776432,-0.262046143900181
-2.08876567333124,-0.619839179538017,-0.681178328912333,-0.325807502843065
-2.06584996411051,-0.452423251269651,-0.289031016742154,-0.270627246274683
-2.11154511913604,-0.469529233171437,-0.389751310027841,-0.199143663843847
-2.16129457306095,-0.607694073576606,-0.604764607144903,-0.307179645046214
-1.62641030119847,-0.674333204631447,-0.332701216398121,-0.254399381922985
-1.82290638859079,-0.701054990275057,-0.85351212368804,-0.217477846791339
-2.48788742770612,-0.700417545032233,-0.440242333959762,-0.141153124107905
-2.06694921574746,-0.64207706015757,-0.479700009262022,-0.315254358687964
-2.39545744268947,-0.783132050176258,-0.452639142651527,-0.333664934949933
-2.52622979834062,-0.475879800390982,-0.654866758704779,-0.154787933272599
-2.39951388256618,-0.675553326561337,-0.499074128971727,-0.12369630565164
-2.14079849769442,-0.586080558534904,-0.522573834936021,-0.264033709770523
-3.32070480138258,-0.198912224487968,2.21998530418068,0.662016821648835
-0.941093531505291,-0.588452297567515,-0.0991838112117089,0.234344890981418
0.636122286141733,0.0149427637285356,-0.262073211225645,-0.376579445937736
-3.35170212398811,-0.843004133554316,1.34078950321057,0.563501452670091
-3.47670995847951,-0.74339924068553,1.42004683482233,0.0613731699312769
2.67458290751856,-0.942641414095655,1.05770947108783,0.0315686017014157
-3.09574851101858,-0.684289615604123,0.323624650584754,0.527596010627252
0.45526690405753,-0.855211475776829,-0.93621133758945,-0.0441853871682333
-2.72346172058113,-0.876874133611391,0.58189713640924,0.371988043111428
-3.0116445220118,0.146391268620029,0.887036321665166,0.383649604764759
-5.01546968396271,-0.0984518835284951,0.149006630316469,-0.254449782747075
-1.02278237596367,-0.848253297525012,-0.42506737638616,0.852215922894739
-2.50387128307278,-0.646993344254006,-0.486563036635796,0.0511088188443016
-1.61904407077884,-0.223357726051283,0.280794292458761,0.114871235172078
-2.40134099855956,0.045952802641519,-0.0738357065308472,1.55353138102554
-0.971680914314752,-0.611458043193638,-0.428929329358365,0.472752753136743
-1.40684918917479,1.05980219853456,0.317583496660072,0.286120263490626
-3.61045798026908,-1.63209818538054,-0.17062521613088,0.778488417021637
-2.6886411121122,-0.924305059172553,0.782736137469434,0.290784446521969
-4.72088512509054,-1.33001914047489,-0.361735618451947,-0.172781207000792
-2.93846527439181,0.666403966670026,0.968740799483877,-0.695386149225843
0.14528888551448,-1.56756709807905,0.480883228736432,-0.71570913643216
-2.1811601425424,-0.0421474903693518,0.163816984188995,0.671116338239608
-3.23129818773367,-0.287679490238135,-0.155896136324959,-0.218958996321335
-2.21490764390713,-0.826765007908676,-0.0438196381301337,1.26690203840074
0.370940841780327,-0.255331255154864,0.134182917252932,0.960403711876027
-2.74559009592359,0.18262277499665,-0.151619095770546,1.03595242976676
-0.132864353450697,0.684739226932529,0.963254069717526,0.0433602544985181
-2.50484950929497,-0.683866918391723,0.366654705790958,0.456652604379113
-2.54353295687236,-0.523748404727325,0.590297479535357,0.767159552401195
-0.76015834643991,-0.418032887900881,0.396192938863317,-0.195092975206218
-0.399814219052296,0.0621286802143987,-0.0132735534527989,-0.298184129618093
-2.27063030018277,-0.75858362905489,0.839438850106194,0.60658102079544
-0.721235393673751,-0.975203785814591,0.487018795752407,0.150684735260932
-1.67278493866709,1.49402424933464,0.83088834764245,0.119382881110492
